
20405941396
15509045534
15071365110
16213005691
18166337725
15870525824
19025431498
22318733867
27532365529
24986356650
22144524005
17587236125
26392013246
24671603781
15758498094
21610408617
25956766571
17827308647
20685367414
27979967941
21860135294
17247420426
23695903931
28220417693
18572600500
15077800440
25517005708
27059125607
27888675025
19540708929
28852579295
22967253296
15926388161
21762399973
19401707202
19133205379
24233645879
27671808739
21776687860
16423742263
24277725815
21769416147
18693887533
17077038787
18648616094
16969926463
17029942421
21893160672
18778926948
16310134990
14828869832
27361232198
26933406384
15923821098
23779861602
15507488646
29248343338
25943876594
24693071969
25625820439
20470186934
21006252293
23529503661
28991287206
23504663552
27865548572
22026168364
15830164524
19014572321
23872206314
27627174578
23198657091
22219713926
24275231801
24446208297
16620566421
27978054662
25936706997
17313418255
24399577598
22522472408
16691108701
20825503009
24164859089
16433081571
28030046927
17155675614
15456372279
22925902419
26775142562
26596196334
24320075155
19782729769
22954234087
23464057497
18752496476
27284268063
26171844913
28293961622
23036564329
16004632472
16066295129
22861690320
24997380672
26260261031
28146183560
22423608987
23268644237
16703417810
24466609797
18077819439
17455944450
17050566579
19936873065
21593707249
16574436623
23785709732
28105145107
22510203263
23697974746
15615985734
26009378529
16354672096
19523367242
28381336029
18620364977
18538151658
28558587415
29024740850
22267404741
16384183005
23963634475
25582208732
14854616453
23318206263
16015530515
23720211460
28853163400
15521441225
14776398530
17015687809
26230835395
18580791344
25518530538
16847390675
21254007038
18043979441
24706089004
28338744846
15412843855
22385528460
15758571878
23845020351
17107104883
22124940938
20826330499
28890043756
26380103186
16837378824
15859464904
15782229969
17173844908
26159848012
21506318942
24404832699
24583035942
19806328657
15091479345
15607298208
23989522967
17287488015
16186158382
28925074768
21247267786
14899920641
21418723655
14867819273
18553255526
25221783457
20785615136
18546122982
19642937953
23416238404
28480662811
17382443456
17048020536
27195923694
17532752822
20375693583
25925116052
19171480464
14803280221
16329867588
17068096424
22718894866
28750985628
21590821119
20612470482
26035315932
15368070361
25144064053
18116684122
27340651982
16263787754
28099180691
16536984287
16818679146
16046668892
27877587375
16331728549
25598603159
16527770845
17301729878
25630130811
27030207226
22455811715
27924668139
26107266574
25622951376
16606845185
24505214400
23398376894
15881077757
20557052502
18712415215
23622240467
18099869168
16185870702
23407237742
27100241458
26995011694
24775287857
15641254533
28405931967
21621621668
26516770104
19890828618
20919739435
17951861258
23073204123
16569728882
20250799539
19305314015
25611626517
29209830640
16949695759
18307899341
16045062481
19299878543
29108207122
21684264638
15948593600
21993363252
21138025883
20095696942
24832125699
26255798750
15061982232
15974780270
21735347961
25276201738
16276983126
16273195521
21802517699
29151123894
22059773118
16430240323
16840112206
19030892593
23839478882
18162791703
22795942138
26522345301
21133325200
28931298924
16892239690
24252364815
22963505303
27152588373
15236221446
23086601692
23161071099
14839479009
22699601429
27781522667
22432386951
29478570788
24672883843
22112856948
24651954385
19950241371
25551350937
15890786853
16045028106
14789969451
15754900488
26895949774
20696426385
23637001270
28359027562
28701710710
24280020360
20523585157
16204614084
20045727094
25911214672
17043059862
27219193458
15833296778
28895219838
23583105937
22161974455
27861616356
22901185731
16454943767
15097034238
21057543828
16842491519
19014439097
15073052500
25254398212
16696356843
26890375525
14987010102
24476835779
23272835573
26886802255
19968016270
28845508806
24339579704
23736395407
26011969579
21255705142
25047540480
24282452724
18702657800
21040140636
22975440768
18340265850
25618132290
26909857101
19646068381
21102528749
26129085262
19949724996
26857672544
28152129201
22776655792
24055639068
16437430280
17238198948
16424033199
16056426387
21755338536
26992746222
26544267749
16673726160
27692541407
15629884206
14870798293
27307374383
24003146166
26514520258
21828024531
19420555251
29078214064
24069479939
26616296969
20579360219
15784934945
15023829661
24382144461
15862308983
22870630263
15557819360
18243985007
16074763593
21273546920
28679623811
25363560026
18033730226
15081958219
29319419386
22738607104
20496485238
17076027300
15055644343
24938922237
18580008161
25298395804
20685526995
19540129059
14881863926
19646899224
16653717157
21396069570
21539646559
25321832665
16894038770
28317668942
17556289035
16779252600
17591524233
24407856267
16423971966
18309391816
19542285557
22873154184
16689294446
20401599256
28524508065
16819371472
15424132215
21749098658
17652700906
17339972388
18493132102
26198365805
20107157034
14908548313
15608328233
24308882346
24574183049
25304064583
27728687628
21977176853
18860410414
21669075896
27035148391
27968380749
16648941695
16550582067
24366040143
24395506093
15664184924
15544539659
16629296566
19504798780
17039295315
27662870365
15597287346
15417231253
17088134179
17028107866
16076165654
17085541963
15410486604
15541462498
22657275569
20814833067
19644142973
23105552630
16881951702
29108102657
20659075136
22318603156
20953066639
20204250214
25363495097
26141069253
19682533330
16213692321
16809712610
15542922527
22364073645
27858365057
22425876585
27146347790
16821107096
27559188419
15802867203
15627260513
22828925895
15301768902
22567880960
21810361172
19367797913
27564621620
22879850054
21437186051
26097610457
25122140508
20334049810
17206318694
25922577310
17551114202
21001405682
16448317240
18931793574
24961907386
16753986793
23254828135
22146352611
17669057077
22077904061
25926227763
22876856707
17044796941
15711135790
23391470666
21778502283
26618421712
14924108275
17712093516
25494019064
28064737342
15114978612
28124521574
23422952547
25480090133
15968814691
29048250513
20725055676
21826664449
27275956705
25479999191
24297849969
27655791450
20729154794
27849930705
25591361957
28323062770
27483475918
20232580500
18136493551
26036214441
18988942837
15013396368
16178603765
18800261128
21072781058
24541113282
17803338811
19768761825
27692514670
14807044316
24173883770
14808341776
28072267630
16857975751
15113595825
24895813494
15815049058
18737336868
26470768799
25387571644
23343131788
17257865450
27679765977
25047869713
27459453974
16223843642
25208578062
18329939602
17860250087
26606707145
16502019372
14851244349
21444512729
29447856213
21088916273
15810971951
23503577993
19065870076
16009681703
24829339215
14953940540
20698478820
19250246339
15474754239
22102851843
26696003210
15012537211
19750096794
24497195322
18368600854
27006434498
16162079940
29256418393
24584204327
15951150680
18692301274
26421404849
20475421050
19456352878
16004519680
25008954392
17969159131
25286805758
25450464288
21532791298
21106009495
28395172815
25202516509
21748004036
17092583921
28017960615
23734963204
23671664553
24830249010
22219236771
21470192514
28576721027
16630227717
23692170407
16655991371
17033866432
20963692462
26392723012
27843223275
29165037745
15117108124
25041448557
16537701507
29472136569
16905297537
17783597203
21510985123
28958189109
15616658766
19315689614
20902905168
16160342957
26140847396
21428693143
18545958300
19410725187
15000427325
15637394007
24611824909
24108721635
22394715115
20282721092
19507046797
14896507633
24570532561
21135355159
24134037761
24670749676
20271643258
25775399219
16938171437
16141083798
26074897831
16027739282
24148335183
16949132361
17726523839
20128176943
28553287633
22729198287
28835259243
18161569205
24685126114
28639170844
16754772476
21968882168
17653572162
18979682271
28792042853
25390106704
14873693553
20849805837
26258536556
20224125359
28339071532
27546126526
15090428682
27530119087
25167126728
22701576712
25396979483
23757150596
16050727873
25567644629
16741807312
20807503678
28656861438
15665844250
18387943163
24277225869
19360045307
23460704823
17459041113
17369467954
15504281305
16974361880
17503435393
18320111367
16775354780
22303621054
16142026317
29332076165
27511783894
18551555833
15477203288
18650276442
19022735416
14824804436
24236581675
14960412945
27555185807
29188050037
24558187256
18613880405
26385605178
26242387063
15615288750
17518535589
16738561630
27936778937
16769973764
18815982677
18883780396
15976177320
24530951831
15586119050
28228140213
16728531228
16270960849
25154515966
22057821744
16106202927
16752972726
14827416802
15988425907
21687807150
18463011007
16784715820
29221372127
22653465742
20303761142
19034348324
17201934353
17789183946
24023090605
16902264123
15251998085
16359854966
18671838433
15025008028
27758717304
27517008636
15223805984
24672654005
27325421088
17795208180
28277035675
16936308913
27338020661
27199682880
28110625410
16563803380
25733844819
27388392336
23961700877
27167632478
26610454952
23049206155
17642552520
20701972455
24020853905
18039927762
16954805722
17082648635
15361827260
20557177058
28123969977
27673795292
14964805075
14908793397
28078778121
19433161849
25472442491
28686191953
24887166558
15602706692
21219251835
27743949651
27253563463
17288602527
15520856529
22361374010
22106126651
17027670919
26824861541
24479681301
22415643405
15405266562
28698560121
24391274947
20472598919
22238707999
22427227735
25455488550
22361225347
29484494323
27749694716
22719331310
20573291776
25122916529
21573576723
28383525576
25286726422
22635439554
18333263085
16035057394
25838401145
18396531013
19038733058
25798024214
24707023168
21894696982
17167183383
28324252950
22540654386
16555696805
27581605457
16295102915
22505544450
19580070731
21409829615
15529786186
29485592678
23246721043
20909052697
22304398031
15240731273
25612838168
25948104965
27167934505
27477935919
26226232998
19609440531
28616214946
14934210895
29004447242
19631684339
15370878399
28572068119
26319862650
15675608112
24917557822
21907449779
16760828777
21193080224
16689567967
27671568820
23044687556
16815421999
15521594307
15093849521
27185616920
16246589814
22741965287
23211968151
26887069054
15770547342
16846061527
20083180446
26495588782
19477525723
15543636176
19466790521
27067609866
15485336169
23935484183
16550700787
28637336297
17184846649
22544624848
21617619114
19039907565
16722800898
16865613883
17022776983
17388684677
19135809025
20196700720
23583638925
16258702405
24663035388
20729356381
20351392125
28489078561
28257761028
21352899059
15446824789
17851549924
18020867941
19533198183
27096014886
21016593108
22066520374
14950742411
15218681343
23421674129
21554924861
25797873398
16224406883
17539470428
25701789094
17719848358
25841228975
21287941965
15827088466
18235093293
18978159675
23184108350
23949610188
15437853341
29134727152
23423790535
22183902096
17933293562
18381769275
16656151865
29005312482
21875509270
23946397331
23181529293
26174754378
24282147115
18747154308
24754163104
25116493179
20761494946
20396706737
25772312797
15163983111
24753195001
17919318521
16688658755
28718027114
19949822229
19498388372
15312568415
27607121059
24401878151
24120948570
16777628615
28402063333
25834162880
26551830792
21017135136
19132537538
20101085752
27018919866
16977322092
21853481948
17974863476
25581844477
15890097179
17317990539
28624799649
28259410046
25098929985
16885979750
15850022965
16334971500
26732119873
27931800717
19131683167
27870747827
24993501709
16625566034
26714923858
17346291533
19153232548
22776279796
28590029755
18212159645
19372160198
26023053254
16190314193
24780964609
26186075507
23981352911
17949974732
21374062794
24180559659
25929381788
29142407377
17392651374
18839432144
20758232110
20694230963
17975040757
20060722462
28358071916
24251056118
14914524986
29059591519
20526226068
28013054920
25704408920
27127999345
23959177131
15928381909
19347734758
15147643132
16447663417
16854946516
26134611028
15644269241
21593306983
19947299439
20214773567
23952629284
15468801727
28239453905
17560754322
23169599891
15611418907
28377848015
15814980402
15164245190
28287670172
17180175305
16207177574
20212902706
18669460551
20124972576
24392715304
16685206276
14781374645
29433351842
21748862224
27379927499
18114918799
28879653569
16563435864
19101444313
16092002649
19887967299
16230321684
15733367343
18195735580
17406240612
15646538075
18284357408
22693815440
29011585835
14918635609
16148715178
28653841261
16825863251
22276993669
28116050863
23987073961
19489529823
14871709192
21722046384
15647253081
16054008786
22878556197
17012303194
16684358981
17169523738
27564775252
17474462008
21874815729
26931696784
28510404177
15790002914
24047769785
15249458591
17362917596
20492934355
15058967046
16542869574
27295823380
21664169369
28758373916
15802431290
16359958013
24504864583
20455207437
15965293939
21939416402
27562329145
23872858653
20294331580
26625856042
19928737098
24442514105
16276646383
20730651994
20398790465
14906755869
21484528690
15005303460
19035330327
20603393310
15635693597
16503301111
27115934998
21824623651
21630178463
24491972302
19743707644
15870568564
15809848271
16718268609
20831286686
19613487346
29097944816
27711688144
25353939039
22734684402
27703245849
28928071850
28746768441
16115496713
14915616509
27062960718
16839325909
19108668693
27396064110
16464053275
15772131563
15687090327
28431409316
19947995071
16945441871
26944263058
28213481826
14858609713
22296965407
18415512826
25627833721
19043551653
25715343110
15355688079
20225883861
17237007638
14985822386
29146409042
23379130531
18046071721
23191757154
27561954592
27216248343
15148838367
16024382704
28201758175
24013382444
28419971844
25266646559
15853390847
21606022472
25337335112
16061101341
26155511100
21277867755
18740656685
27104459166
24326202880
24682929730
20423232040
24279316089
15010851311
17173768430
16213218287
15582527141
18334201281
23436722308
26495906068
19309068136
19919904789
21459468660
14821839066
29168009801
20155681712
19484311031
18561906581
25884791787
19371981163
18660345887
17195406825
16773063628
15216186000
16765443647
14982646816
28177057989
25857215883
16518776604
18452234516
15566162632
17053925798
19613338302
15135705631
28291287475
29169780719
15075592358
26986224818
22716438917
28783892790
28468220469
17730798206
15787860663
28978474716
14827963391
21668673954
27911779723
15534349989
14935857789
25121733167
14876603694
28537752793
15134331546
20493459290
19936311637
22739245596
16523061695
27812761980
15305311854
25759320533
28721006640
16556991180
16187697472
17729058575
22873231908
14818159183
15881488443
28991245945
29165089098
27804235712
24207033792
21079329371
22901876598
21161170957
22333279250
27269119372
29076915275
20646567781
18716703911
21943566481
29287852540
19350565820
16167852494
18335219562
24450476863
22309255117
28574976424
15157693991
16341096769
25394220335
15492944558
18466629963
28314726223
19097329834
24780755869
16790139440
16323821779
27823270842
25191965644
15973077532
16230847012
25336805447
24230472475
22921789256
16773879953
16199267412
27471290300
20980339333
17903515342
16716883324
28708716690
16553078846
27255343486
25491956285
23933039210
16370841319
21127600845
22760146991
19448644166
17677246687
20077703734
21530773643
20800541934
22865440242
21627050092
24730835450
18783501933
16426965323
25377345550
16390970455
22244327173
16959236339
22980311264
23844663933
18888955576
18400481111
18490472268
26379087636
15725005833
18791741873
22583536548
25825175794
24622823832
25241336473
20505993250
18542465523
16857891671
20903640412
27851697838
14997163169
17964640323
16523401088
25578653715
26150419511
23014371031
20546449516
23266409261
15002694240
22327871045
24288443326
15834868859
21623169693
27729014137
23451982179
17705753446
20185407524
23204683496
19248403864
18706583169
15559216460
28394464314
18189485603
16326686333
16223252427
16542210180
14986026002
22902847472
20611900240
21117594691
15434444381
16252258686
15496875218
26805420158
16827425561
18279790748
19803966479
16929436838
23804059474
24923061643
26073914464
25759012891
17604251921
15807097395
19074501911
20305032570
18313782106
25410097355
21537173732
22175700126
16298930868
16121045469
16983230466
21802389634
24586610182
27905491353
21996193639
19150131226
18009007052
18060080894
21492023664
21215572816
22518439397
29451335770
26908803964
17930843953
20029212914
15269631366
22325463585
19225916789
15609304830
16135918592
20912009163
21260536641
27536048078
29398644232
29012696718
19529428826
20318084991
23780985624
17404058071
19156764357
27319567078
27376171128
22191705800
16920236334
26852653107
20015212264
21260742727
15539314459
17516131299
15160589991
23279752145
15970055327
26651032329
18643352179
19978967449
20975806686
26285136114
18788393358
16486467003
20808706611
24652473222
19868159097
20444128526
21717634483
16796813679
26307116692
26678852862
23395292341
26838388816
17648995880
15830285858
18379558906
14886632291
27372561009
26833399775
18248889878
16540216354
18079483618
15460262694
20821807549
18292930641
21984023590
15182395927
22918712806
21811793464
26143215572
27552935952
20950375083
22203329946
16758455738
27382062040
18781618123
24540714466
23180740498
16567486365
22406039742
18589071078
25190966691
25422665977
22562865633
15055635449
28240731964
20999261798
27044021157
23963878026
16573767670
21554192607
21920357474
14782488115
27985425128
15513113137
28844553942
16135150749
15605123275
20501411029
19183188708
16287061204
22348631980
18125896971
19567888603
26141229048
21189092871
18852588172
26406022920
17600365049
16473795031
16589903067
22023685374
21008598660
22598742565
26550671612
17231661437
20314216849
17743894070
23936037110
16317625399
20091619616
21768897284
17369228974
17697499551
29473493078
14897997675
25128795022
16359197510
18398207667
18303913515
27325158409
25621119734
20634964800
16567062313
26470209174
16123588971
17903407903
17889169539
17373944027
18892121401
23227547969
27010802215
23261804446
23472313728
26514732037
29434778190
15373963212
28142958115
20454778371
15244849897
16688269853
24730867517
15490410025
23938248187
21277123515
25934350631
23673910982
17012558160
21330866532
25004189826
15347205849
28529317093
19658951703
23328944381
27010273640
28230564492
22914258759
16998176800
18647940372
24778056820
18965770937
16284761965
27340981842
28104612577
15132988370
20644712394
18389039420
17103348166
21759081684
29087710588
17977348931
15466481703
27612067046
17540659794
25235696575
17961767687
27158906546
18152852566
17026148055
25651305179
21318583259
16928178259
26307353525
19092207058
26681813919
28942202388
27571669220
27509121661
15472635883
22247407199
28132215096
22834216989
23429848431
17104166671
26054309213
21299745495
25980086904
28979914445
18738932817
28834942154
26177658342
15839698106
28553516950
21700797244
29488177991
18819410548
25359742375
24816962348
26665682050
24168185443
18121528041
15604017742
15844127509
23460231874
25087952098
26598910467
15905752582
15419601484
26676497215
16722811572
18181326071
27722925042
26897539944
16621647676
15566082939
22042306338
22543608353
14850941450
29112174859
15065852260
26885202272
21139392580
22189694105
15922479073
16395940956
20086279564
14884528251
26278422141
27783584749
14802527741
29495267225
27831068525
24168677113
18647002486
15671185090
24794916609
19060578871
23884849568
25759803021
17467337451
15771969148
23258770560
18300798349
20415298802
18553086018
22567522103
21530892950
17219372204
29191849049
16684400365
15456495429
18218101428
19933729677
21517154488
27387558901
23615880077
17079460530
26218510405
16591835351
25088753967
16957372430
16075833617
15685622473
22964377202
17056616101
16649280600
25507691998
21597149716
25174215667
24909714141
19586593120
27629094787
28365943179
16176319786
21718861380
16317738031
28573162060
22578442708
28626578061
27954248610
15706149562
19420016754
20323926643
21231969320
25593686562
16721663364
20474695673
23331789198
19819254324
24998022907
26207776588
26398646867
28844312895
24679973950
16009009615
26041909263
18496457950
16251963890
18062526671
22905868954
18501820383
28474947755
17822414383
16783301293
15237809048
28753047489
15552337597
18158321619
19347310891
15354841091
16424387157
17262187295
16908671873
20494740351
27509729498
21703778249
16148198046
23179941458
15681573483
29116613555
20829373771
25314935009
16324772545
16249897778
18294116130
27664171671
29300752679
16628510962
20255321188
17722490396
28601713434
28019526528
16049953879
24483487541
20639856720
16914897797
26945278262
15244723323
26915909911
22547347192
22670173478
26039918310
20767027205
22928421972
17571865172
18840009254
23308636322
27238421998
16383185701
16981849184
16764973599
16759638877
28740788342
15423076659
22998520562
19378595732
27039921111
26392596735
22565960853
26532617313
20289624489
17813196193
23093472371
15858032978
25223936684
17184194716
15760173659
26220859921
22336835147
21315021016
23000397037
17733599715
21312157888
22209252895
16339861977
17822223975
16420302254
15460912828
27185913321
26857933388
23891856669
20305242977
15371230015
23378856341
20820421428
19001796617
29217803901
28161289110
15471132774
15469749743
16089367547
18230593710
15387989028
21623616280
18132550522
17797555884
28642434123
23509465936
20379448656
18624895021
26727425856
22697633602
22342993192
20454104583
23154878980
22386760178
24614121105
18603131484
19683488277
20720086147
28230785456
16380130565
28808421933
16027542290
23306205063
23721807134
28096949131
26250292520
17887161876
23552715545
16764538356
18212281362
24559817288
21102057138
17954561635
18074796562
28112287993
17309306168
18750164781
24457842703
16388808131
28104910354
22351796371
27073980450
22091139998
15257331803
26517698327
18278644514
14987232924
28976676630
16722089588
22443002047
28829357238
15233686882
23398671124
18268677175
14775316565
19553997713
20842861301
24079055055
20251141233
19283141888
24425064971
25989303691
16780643960
24622738702
20978956437
15434556892
17504131983
16782155681
26924657255
15856149830
17328043279
25156250522
16264482641
17737594891
27176796347
20702033744
17172665863
26054367483
16992026157
27774491308
17123181023
26632979444
25004874475
16400659790
16536691099
21214386714
15344499295
25671708260
22590584542
15761047157
16553437429
19663929973
21914025878
29056190573
20775413282
26405646929
16180147114
15830522749
29297529716
18162529975
25662634713
22555196052
23259003714
21017677032
28592979170
19383790574
15855639524
27466912575
22824806616
15745767606
22457271821
14981838262
17390225125
16208662032
18625219956
21205339255
16913772971
19077996154
23345347038
23257704958
28146032861
18290551629
24222697440
16773641549
20266127643
23711643287
18858938606
17816159111
25837900428
21434881272
28497417665
25055858331
17467688362
29061916133
16991538918
23039856072
24848106897
21504341211
16441059074
15051974086
18112756447
17439949130
24416842689
25971270332
29291911978
16924612997
20747262553
27754667950
19837683936
24986398269
15769223262
23395532319
16994529021
24322748670
17614408222
19693345828
27553232744
26775532507
16301580147
22250483791
24536739391
15944320157
20514324921
27468425670
14847734274
27799502168
19177648998
25635015898
20245467079
20014918766
27034983013
26140052077
28786873604
26816181036
16100726789
26934529935
23942661999
29059724365
26458167433
14989830160
19552703390
16466768132
16613257439
21028460877
27538807655
17995081940
17037498807
20533537443
27390267949
23801454558
18671783461
22378841751
16979065217
27174838780
29377100850
27487459063
15077557904
22601083434
28581555051
23493091442
16768641928
14775881389
21219998851
18991653386
24450811345
26594198583
15023269392
19476266680
20338462352
16876883947
23260968324
20613950927
17109272317
22071614045
19762056563
22628756265
18207507587
23822147213
22330271739
27896356182
15004470718
29065156652
21509178457
25286136370
15510458955
16406867076
21999341472
25043306910
28357613912
20464009351
16826957290
23979254513
18753057196
26363646332
18311674572
19366308269
20909951410
23897688723
28439284158
26497946432
26780979098
24591098970
22250978960
16430655279
22976651264
19692820335
15513763406
21358096994
15962748640
26076279439
27080782040
15346356461
15275918289
15893602911
25825908137
22316388243
18769514258
23792205520
28554351819
27245721390
16926942079
29221905023
19712604443
29224249106
25312891476
18172997899
22690628883
28144772577
20732131094
24443799304
20256814369
28072006509
16198292638
21688350644
26290031161
19115295510
20627487014
17657236748
14865146336
28969454856
26482652261
28162030133
15372216893
22136724126
15351708469
28867244053
24010182453
15063559539
16100806059
27666700102
24724876888
25048205640
24006734700
26885164041
26330996591
25186156247
18547105304
27330713374
27066909541
15056247967
23151040638
15475838257
26100418978
24479688729
16711516503
27858589342
26488054028
27176404588
23288917812
20969559108
15747824119
14821204356
18512156554
24002683910
17164377190
15356866179
26989493377
22965970512
16601627166
23815798059
21946546422
15795295495
15161521113
20203926476
15158886453
15208096381
23062262296
16099852022
14769634130
16940597404
23666568188
17500930784
27090674879
20770693534
22486177457
27375759260
16721642899
24390488872
29132799042
15734301853
15406557625
15361240772
15701198354
18143836820
18494504901
16084760251
23627872500
27954768512
19478002470
16465054800
23364437372
17628790129
20652404697
22556921039
17929246860
15341084327
26884210973
24188309846
19991708700
26286190668
18482958978
21498747739
25526269828
16194103565
16172213267
15022313776
24158597517
15102424488
17160777297
23885033203
29154094341
26225059033
16403667826
17864007921
29486636699
22293363151
28457606347
28803707432
15879601856
28272616073
16173430620
26760922043
18074152011
26784475383
18534728458
17564299004
25766975513
22858031838
19088416161
23693959467
16502407607
28104921105
17056828951
26425815013
18192918577
26132704776
19487521385
25367518938
22857279388
22926555377
18519742404
18504094376
19795025114
25652437706
20989714068
16097194472
17119084882
19770592855
15993318374
28723305618
27125203014
21403186653
18532828046
25482979140
17059673765
28316144196
19590440250
21301012444
15537165928
16220320474
27008264482
19204801971
18440331999
29455373232
16659616424
23690911580
15910112574
26632417359
25828001861
21990246494
17027804569
21796161437
27476617608
16103300021
16219237854
28008567072
17135339468
15693302300
22965824372
25815948145
19535051810
17163254874
26055465044
23329561430
20116339366
17037794371
16635243170
27569991609
16953486215
16378180312
17780143762
26184300785
16178833919
16314941335
28739424908
26149449849
16563289962
25818231438
18459915011
16874910266
16498128710
27717021804
21977931670
25557729711
15977581849
22273809445
15307406868
22236460131
21008436606
21199610028
29228796257
20125417291
15479033632
20151441209
16646938521
23957225335
16609666598
23486721755
28221869618
19002634755
26136783368
15941798462
15311694712
15631761977
26068967283
24411655198
16021391256
16769122946
15500584306
15118469929
27330964542
20252274002
19211994763
15167526306
29283714737
27266551290
25034350297
23877481283
29092438597
28640786722
22560498545
23884365309
24366664798
25070833325
24167837130
20112671111
27210327044
19229034735
28573449520
21665724417
29488609687
17401506386
14933563803
16325616245
18698778194
23292957848
14872236213
15291361705
29244404655
15084590252
19068514030
15009164042
23032878252
14940537659
29100067609
19710217418
20870679714
24676177235
15443721337
14873759420
15202341080
21314293926
28576603716
19322615848
20655424432
27343434921
23693919979
24758447052
26036407198
16446636185
18092480404
27236996845
24788279696
25412534226
21302291128
22424902277
29156753236
18331251654
15086326457
21776898688
20390430580
16115675160
18638705367
21994613256
20953636348
19659673430
24336202311
20452833807
16551649956
21108771792
29508783735
27257378962
18780854931
15863080165
25441031493
18711687315
24708647683
17010552058
16405758624
16078492000
17534608247
27490025225
16579404945
26078951239
27556211042
23911495948
19057548378
14840799425
28197142074
27778781404
26876195172
16442471300
15793701558
17129914463
20394566825
23270620746
19128494785
15465549607
16797375989
19612898749
17024604600
15616013094
14858532157
21429932659
18855522800
24267800911
25502036330
15498905940
15872092207
19085097044
25643193347
18595997830
16704942185
16975969210
16269098212
21838299126
17099017951
21284648081
23515486143
17147597061
28171926655
23955456663
26602480137
16757461426
26340412047
25418668430
19453228486
15189688228
23645631039
20643192122
19289692463
14881489380
27821378888
25132281958
22931185662
26247783157
17317471205
28066894469
15306113835
15778338654
19974817438
15257142942
23449071425
20915743674
22200810636
18997315121
20842332851
24370029002
19979278695
19126249354
20899337212
21971750279
17565174301
17088220112
21054358790
26851472431
22720533059
15818425569
27043399547
17339452138
25882271527
16727774732
18609757327
16456613616
25544821061
18603871532
20377605799
17159087790
20339386622
18627691597
16734305625
20544513973
23104961965
25920280601
27132610598
20289902672
24105501949
14967582339
22638032826
23606221587
22764241888
20401274296
22970577444
16364254906
25352361745
26854539422
17039480205
18737274374
25323135397
25836453078
15723263017
26294054325
16417076612
18142301648
20001374508